{"query_id": 0, "image_id": 1, "query": "the 002 master chef can", "provider": "ollama", "image_width": 640, "image_height": 480, "intrinsics": [1066.778, 1067.487, 312.9869, 241.3109], "status": "ok", "parse_warning": null, "raw_response": "{\n  \"detections\": [\n    {\n      \"object_name\": \"002_master_chef_can\",\n      \"bbox_2d_norm_1000\": [\n        288,\n        272,\n        667,\n        521\n      ],\n      \"bbox_3d_corners_norm_1000\": [\n        [288, 272],\n        [288, 521],\n        [667, 521],\n        [667, 272],\n        [288, 272],\n        [288, 521],\n        [667, 521],\n        [667, 272]\n      ],\n      \"confidence\": 0.9\n    }\n  ]\n}", "parsed_detection_count": 1, "detections": [{"status": "ok", "object_name": "002_master_chef_can", "obj_id": 1, "confidence": 0.9, "bbox_2d_norm_1000": [288.0, 272.0, 667.0, 521.0], "bbox_3d_corners_cam_xyz_mm": null, "bbox_3d_corners_norm_1000": [[288.0, 272.0], [288.0, 521.0], [667.0, 521.0], [667.0, 272.0], [288.0, 272.0], [288.0, 521.0], [667.0, 521.0], [667.0, 272.0]], "corners_projection_source": "provided_norm_1000", "bbox_2d_xyxy": [174.08, 138.23999999999998, 333.44, 320.16], "pose_status": "failed", "reprojection_error": null, "permutation": null, "pose_warning": "solvePnP failed for all corner permutations."}], "expected_obj_id": 1, "expected_instance_id": 0, "gt": {"bbox_xyxy": [206.0, 126.0, 338.0, 320.0], "R_cam_from_model": [0.6155426282490462, -0.7872002747152219, -0.03771988906432555, -0.19894986552077276, -0.10889926681888931, -0.9739401059834828, 0.7625789371251613, 0.6070060649389416, -0.22364550906920733], "t_cam_from_model": [-31.677025422232273, -17.368816807616497, 865.056765056294]}}
{"query_id": 1, "image_id": 1, "query": "the 007 tuna fish can", "provider": "ollama", "image_width": 640, "image_height": 480, "intrinsics": [1066.778, 1067.487, 312.9869, 241.3109], "status": "ok", "parse_warning": null, "raw_response": "{\"detections\": [{\"object_name\": \"007_tuna_fish_can\", \"bbox_2d_norm_1000\": [569, 444, 744, 617], \"bbox_3d_corners_norm_1000\": [[568, 441], [568, 564], [667, 564], [667, 441], [568, 441], [568, 564], [667, 564], [667, 441]], \"confidence\": 0.9}]}", "parsed_detection_count": 1, "detections": [{"status": "ok", "object_name": "007_tuna_fish_can", "obj_id": 6, "confidence": 0.9, "bbox_2d_norm_1000": [569.0, 444.0, 744.0, 617.0], "bbox_3d_corners_cam_xyz_mm": null, "bbox_3d_corners_norm_1000": [[568.0, 441.0], [568.0, 564.0], [667.0, 564.0], [667.0, 441.0], [568.0, 441.0], [568.0, 564.0], [667.0, 564.0], [667.0, 441.0]], "corners_projection_source": "provided_norm_1000", "bbox_2d_xyxy": [284.16, 273.12, 394.88, 357.12], "pose_status": "ok", "reprojection_error": 2.6361255334234337, "permutation": [0, 1, 2, 3, 4, 5, 6, 7], "pose_warning": null}], "expected_obj_id": 6, "expected_instance_id": 0, "gt": {"bbox_xyxy": [282.0, 280.0, 394.0, 353.0], "R_cam_from_model": [-0.888800154374123, 0.45524946687574985, -0.05275501966907288, 0.15161264602174085, 0.18344755196788856, -0.9712669209190921, -0.4324911950904046, -0.8712604167821704, -0.2320697374100931], "t_cam_from_model": [19.826959191155, 56.52491050704691, 810.7227026810766]}}
{"query_id": 2, "image_id": 1, "query": "the 025 mug", "provider": "ollama", "image_width": 640, "image_height": 480, "intrinsics": [1066.778, 1067.487, 312.9869, 241.3109], "status": "ok", "parse_warning": null, "raw_response": "{\"detections\": [{\"object_name\": \"025_mug\", \"bbox_2d_norm_1000\": [147, 292, 333, 526], \"bbox_3d_corners_norm_1000\": [[147, 292], [147, 526], [333, 526], [333, 292], [147, 292], [147, 526], [333, 526], [333, 292]], \"confidence\": 0.9}]}", "parsed_detection_count": 1, "detections": [{"status": "ok", "object_name": "025_mug", "obj_id": 14, "confidence": 0.9, "bbox_2d_norm_1000": [147.0, 292.0, 333.0, 526.0], "bbox_3d_corners_cam_xyz_mm": null, "bbox_3d_corners_norm_1000": [[147.0, 292.0], [147.0, 526.0], [333.0, 526.0], [333.0, 292.0], [147.0, 292.0], [147.0, 526.0], [333.0, 526.0], [333.0, 292.0]], "corners_projection_source": "provided_norm_1000", "bbox_2d_xyxy": [186.88, 70.56, 336.64, 159.84], "pose_status": "failed", "reprojection_error": null, "permutation": null, "pose_warning": "solvePnP failed for all corner permutations."}], "expected_obj_id": 14, "expected_instance_id": 0, "gt": {"bbox_xyxy": [209.0, 45.0, 346.0, 158.0], "R_cam_from_model": [0.800270328363595, -0.5984833728683278, -0.03721742358490441, -0.16673638817023093, -0.16247691893389601, -0.97252257766676, 0.5759917033378716, 0.7844862673094515, -0.22981459219802255], "t_cam_from_model": [-23.310093543898354, -112.62940453072957, 848.1679482820954]}}
{"query_id": 3, "image_id": 1, "query": "the 051 large clamp", "provider": "ollama", "image_width": 640, "image_height": 480, "intrinsics": [1066.778, 1067.487, 312.9869, 241.3109], "status": "ok", "parse_warning": null, "raw_response": "{\"detections\": [{\"object_name\": \"051_large_clamp\", \"bbox_2d_norm_1000\": [667, 150, 948, 662], \"bbox_3d_corners_norm_1000\": [[667, 150], [667, 662], [740, 662], [740, 150], [667, 150], [667, 662], [740, 662], [740, 150]], \"confidence\": 0.9}]}", "parsed_detection_count": 1, "detections": [{"status": "ok", "object_name": "051_large_clamp", "obj_id": 19, "confidence": 0.9, "bbox_2d_norm_1000": [667.0, 150.0, 948.0, 662.0], "bbox_3d_corners_cam_xyz_mm": null, "bbox_3d_corners_norm_1000": [[667.0, 150.0], [667.0, 662.0], [740.0, 662.0], [740.0, 150.0], [667.0, 150.0], [667.0, 662.0], [740.0, 662.0], [740.0, 150.0]], "corners_projection_source": "provided_norm_1000", "bbox_2d_xyxy": [96.0, 320.16, 423.68, 455.03999999999996], "pose_status": "failed", "reprojection_error": null, "permutation": null, "pose_warning": "solvePnP failed for all corner permutations."}], "expected_obj_id": 19, "expected_instance_id": 0, "gt": {"bbox_xyxy": [329.0, 116.0, 419.0, 329.0], "R_cam_from_model": [-0.09489741249029623, 0.3561386300696222, -0.9296019480411393, -0.34937416104044705, 0.8625018988232865, 0.36609704814610067, 0.932165006412512, 0.3595205652274382, 0.04257586846391211], "t_cam_from_model": [52.33599371521044, -13.031296641365195, 861.5899289137005]}}
{"query_id": 4, "image_id": 1, "query": "the 052 extra large clamp", "provider": "ollama", "image_width": 640, "image_height": 480, "intrinsics": [1066.778, 1067.487, 312.9869, 241.3109], "status": "ok", "parse_warning": null, "raw_response": "{\"detections\": [{\"object_name\": \"052_extra_large_clamp\", \"bbox_2d_norm_1000\": [675, 143, 947, 662], \"bbox_3d_corners_norm_1000\": [[675, 143], [675, 662], [947, 662], [947, 143], [700, 143], [700, 662], [875, 662], [875, 143]], \"confidence\": 0.95}]}", "parsed_detection_count": 1, "detections": [{"status": "ok", "object_name": "052_extra_large_clamp", "obj_id": 20, "confidence": 0.95, "bbox_2d_norm_1000": [675.0, 143.0, 947.0, 662.0], "bbox_3d_corners_cam_xyz_mm": null, "bbox_3d_corners_norm_1000": [[675.0, 143.0], [675.0, 662.0], [947.0, 662.0], [947.0, 143.0], [700.0, 143.0], [700.0, 662.0], [875.0, 662.0], [875.0, 143.0]], "corners_projection_source": "provided_norm_1000", "bbox_2d_xyxy": [91.52, 324.0, 423.68, 454.56], "pose_status": "failed", "reprojection_error": null, "permutation": null, "pose_warning": "solvePnP failed for all corner permutations."}], "expected_obj_id": 20, "expected_instance_id": 0, "gt": {"bbox_xyxy": [92.0, 332.0, 441.0, 459.0], "R_cam_from_model": [-0.9984789779904625, -0.046702003100451896, 0.029310392655164948, 0.04118009201782687, -0.27814158992816, 0.9596564448294642, -0.036666017780062427, 0.9594042011059428, 0.27964165456635065], "t_cam_from_model": [-24.98442834314123, 91.09670661036117, 685.170819763342]}}
