{"query_id": 0, "image_id": 1, "query": "the 002 master chef can", "provider": "ollama", "image_width": 640, "image_height": 480, "intrinsics": [1066.778, 1067.487, 312.9869, 241.3109], "status": "ok", "parse_warning": null, "raw_response": "{\"detections\": [{\"object_name\": \"002_master_chef_can\", \"bbox_2d_norm_1000\": [297, 281, 695, 525], \"bbox_3d_corners_norm_1000\": [[297, 281], [297, 525], [695, 525], [695, 281], [270, 281], [270, 525], [670, 525], [670, 281]], \"confidence\": 0.95}]}", "parsed_detection_count": 1, "detections": [{"status": "ok", "object_name": "002_master_chef_can", "obj_id": 1, "confidence": 0.95, "bbox_2d_norm_1000": [297.0, 281.0, 695.0, 525.0], "bbox_3d_corners_cam_xyz_mm": null, "bbox_3d_corners_norm_1000": [[297.0, 281.0], [297.0, 525.0], [695.0, 525.0], [695.0, 281.0], [270.0, 281.0], [270.0, 525.0], [670.0, 525.0], [670.0, 281.0]], "corners_projection_source": "provided_norm_1000", "bbox_2d_xyxy": [179.84000000000003, 142.56, 336.0, 333.59999999999997], "pose_status": "failed", "reprojection_error": null, "permutation": null, "pose_warning": "solvePnP failed for all corner permutations."}], "expected_obj_id": 1, "expected_instance_id": 0, "gt": {"bbox_xyxy": [206.0, 126.0, 338.0, 320.0], "R_cam_from_model": [0.6155426282490462, -0.7872002747152219, -0.03771988906432555, -0.19894986552077276, -0.10889926681888931, -0.9739401059834828, 0.7625789371251613, 0.6070060649389416, -0.22364550906920733], "t_cam_from_model": [-31.677025422232273, -17.368816807616497, 865.056765056294]}}
{"query_id": 1, "image_id": 1, "query": "the 007 tuna fish can", "provider": "ollama", "image_width": 640, "image_height": 480, "intrinsics": [1066.778, 1067.487, 312.9869, 241.3109], "status": "ok", "parse_warning": null, "raw_response": "{\"detections\": [{\"object_name\": \"007_tuna_fish_can\", \"bbox_2d_norm_1000\": [588, 446, 742, 616], \"bbox_3d_corners_norm_1000\": [[588, 446], [588, 616], [739, 616], [739, 446], [594, 446], [594, 616], [732, 616], [732, 446]], \"confidence\": 0.9}]}", "parsed_detection_count": 1, "detections": [{"status": "ok", "object_name": "007_tuna_fish_can", "obj_id": 6, "confidence": 0.9, "bbox_2d_norm_1000": [588.0, 446.0, 742.0, 616.0], "bbox_3d_corners_cam_xyz_mm": null, "bbox_3d_corners_norm_1000": [[588.0, 446.0], [588.0, 616.0], [739.0, 616.0], [739.0, 446.0], [594.0, 446.0], [594.0, 616.0], [732.0, 616.0], [732.0, 446.0]], "corners_projection_source": "provided_norm_1000", "bbox_2d_xyxy": [285.44, 282.24, 394.24, 356.15999999999997], "pose_status": "ok", "reprojection_error": 2.6002562546361014, "permutation": [6, 7, 4, 5, 2, 3, 0, 1], "pose_warning": null}], "expected_obj_id": 6, "expected_instance_id": 0, "gt": {"bbox_xyxy": [282.0, 280.0, 394.0, 353.0], "R_cam_from_model": [-0.888800154374123, 0.45524946687574985, -0.05275501966907288, 0.15161264602174085, 0.18344755196788856, -0.9712669209190921, -0.4324911950904046, -0.8712604167821704, -0.2320697374100931], "t_cam_from_model": [19.826959191155, 56.52491050704691, 810.7227026810766]}}
{"query_id": 2, "image_id": 1, "query": "the 025 mug", "provider": "ollama", "image_width": 640, "image_height": 480, "intrinsics": [1066.778, 1067.487, 312.9869, 241.3109], "status": "ok", "parse_warning": null, "raw_response": "{\"detections\": [{\"object_name\": \"025_mug\", \"bbox_2d_norm_1000\": [188, 281, 343, 529], \"bbox_3d_corners_norm_1000\": [[188, 281], [188, 531], [343, 531], [343, 281], [200, 281], [200, 531], [310, 531], [310, 281]], \"confidence\": 0.95}]}", "parsed_detection_count": 1, "detections": [{"status": "ok", "object_name": "025_mug", "obj_id": 14, "confidence": 0.95, "bbox_2d_norm_1000": [188.0, 281.0, 343.0, 529.0], "bbox_3d_corners_cam_xyz_mm": null, "bbox_3d_corners_norm_1000": [[188.0, 281.0], [188.0, 531.0], [343.0, 531.0], [343.0, 281.0], [200.0, 281.0], [200.0, 531.0], [310.0, 531.0], [310.0, 281.0]], "corners_projection_source": "provided_norm_1000", "bbox_2d_xyxy": [179.84000000000003, 90.24, 338.56, 164.64000000000001], "pose_status": "failed", "reprojection_error": null, "permutation": null, "pose_warning": "solvePnP failed for all corner permutations."}], "expected_obj_id": 14, "expected_instance_id": 0, "gt": {"bbox_xyxy": [209.0, 45.0, 346.0, 158.0], "R_cam_from_model": [0.800270328363595, -0.5984833728683278, -0.03721742358490441, -0.16673638817023093, -0.16247691893389601, -0.97252257766676, 0.5759917033378716, 0.7844862673094515, -0.22981459219802255], "t_cam_from_model": [-23.310093543898354, -112.62940453072957, 848.1679482820954]}}
{"query_id": 3, "image_id": 1, "query": "the 051 large clamp", "provider": "ollama", "image_width": 640, "image_height": 480, "intrinsics": [1066.778, 1067.487, 312.9869, 241.3109], "status": "ok", "parse_warning": null, "raw_response": "{\"detections\": [{\"object_name\": \"051_large_clamp\", \"bbox_2d_norm_1000\": [667, 151, 947, 667], \"bbox_3d_corners_norm_1000\": [[667, 151], [667, 667], [947, 667], [947, 151], [889, 151], [889, 667], [947, 667], [947, 151]], \"confidence\": 0.9}]}", "parsed_detection_count": 1, "detections": [{"status": "ok", "object_name": "051_large_clamp", "obj_id": 19, "confidence": 0.9, "bbox_2d_norm_1000": [667.0, 151.0, 947.0, 667.0], "bbox_3d_corners_cam_xyz_mm": null, "bbox_3d_corners_norm_1000": [[667.0, 151.0], [667.0, 667.0], [947.0, 667.0], [947.0, 151.0], [889.0, 151.0], [889.0, 667.0], [947.0, 667.0], [947.0, 151.0]], "corners_projection_source": "provided_norm_1000", "bbox_2d_xyxy": [96.64, 320.16, 426.88, 454.56], "pose_status": "failed", "reprojection_error": null, "permutation": null, "pose_warning": "solvePnP failed for all corner permutations."}], "expected_obj_id": 19, "expected_instance_id": 0, "gt": {"bbox_xyxy": [329.0, 116.0, 419.0, 329.0], "R_cam_from_model": [-0.09489741249029623, 0.3561386300696222, -0.9296019480411393, -0.34937416104044705, 0.8625018988232865, 0.36609704814610067, 0.932165006412512, 0.3595205652274382, 0.04257586846391211], "t_cam_from_model": [52.33599371521044, -13.031296641365195, 861.5899289137005]}}
{"query_id": 4, "image_id": 1, "query": "the 052 extra large clamp", "provider": "ollama", "image_width": 640, "image_height": 480, "intrinsics": [1066.778, 1067.487, 312.9869, 241.3109], "status": "ok", "parse_warning": null, "raw_response": "{\"detections\": [{\"object_name\": \"052_extra_large_clamp\", \"bbox_2d_norm_1000\": [679, 151, 951, 664], \"bbox_3d_corners_norm_1000\": [[679, 151], [679, 664], [951, 664], [951, 151], [867, 151], [867, 664], [930, 664], [930, 151]], \"confidence\": 0.99}]}", "parsed_detection_count": 1, "detections": [{"status": "ok", "object_name": "052_extra_large_clamp", "obj_id": 20, "confidence": 0.99, "bbox_2d_norm_1000": [679.0, 151.0, 951.0, 664.0], "bbox_3d_corners_cam_xyz_mm": null, "bbox_3d_corners_norm_1000": [[679.0, 151.0], [679.0, 664.0], [951.0, 664.0], [951.0, 151.0], [867.0, 151.0], [867.0, 664.0], [930.0, 664.0], [930.0, 151.0]], "corners_projection_source": "provided_norm_1000", "bbox_2d_xyxy": [96.64, 325.92, 424.96000000000004, 456.47999999999996], "pose_status": "failed", "reprojection_error": null, "permutation": null, "pose_warning": "solvePnP failed for all corner permutations."}], "expected_obj_id": 20, "expected_instance_id": 0, "gt": {"bbox_xyxy": [92.0, 332.0, 441.0, 459.0], "R_cam_from_model": [-0.9984789779904625, -0.046702003100451896, 0.029310392655164948, 0.04118009201782687, -0.27814158992816, 0.9596564448294642, -0.036666017780062427, 0.9594042011059428, 0.27964165456635065], "t_cam_from_model": [-24.98442834314123, 91.09670661036117, 685.170819763342]}}
