{"query_id": 0, "image_id": 1, "query": "the 002 master chef can", "provider": "ollama", "image_width": 640, "image_height": 480, "intrinsics": [1066.778, 1067.487, 312.9869, 241.3109], "status": "ok", "parse_warning": null, "raw_response": "{\n  \"detections\": [\n    {\n      \"object_name\": \"002_master_chef_can\",\n      \"bbox_2d_norm_1000\": [\n        307,\n        275,\n        690,\n        516\n      ],\n      \"bbox_3d_corners_norm_1000\": [\n        [307, 275],\n        [307, 516],\n        [690, 516],\n        [690, 275],\n        [307, 275],\n        [307, 516],\n        [690, 516],\n        [690, 275]\n      ],\n      \"confidence\": 0.95\n    }\n  ]\n}", "parsed_detection_count": 1, "detections": [{"status": "ok", "object_name": "002_master_chef_can", "obj_id": 1, "confidence": 0.95, "bbox_2d_norm_1000": [307.0, 275.0, 690.0, 516.0], "bbox_3d_corners_cam_xyz_mm": null, "bbox_3d_corners_norm_1000": [[307.0, 275.0], [307.0, 516.0], [690.0, 516.0], [690.0, 275.0], [307.0, 275.0], [307.0, 516.0], [690.0, 516.0], [690.0, 275.0]], "corners_projection_source": "provided_norm_1000", "bbox_2d_xyxy": [176.0, 147.35999999999999, 330.24, 331.2], "pose_status": "failed", "reprojection_error": null, "permutation": null, "pose_warning": "solvePnP failed for all corner permutations."}], "expected_obj_id": 1, "expected_instance_id": 0, "gt": {"bbox_xyxy": [206.0, 126.0, 338.0, 320.0], "R_cam_from_model": [0.6155426282490462, -0.7872002747152219, -0.03771988906432555, -0.19894986552077276, -0.10889926681888931, -0.9739401059834828, 0.7625789371251613, 0.6070060649389416, -0.22364550906920733], "t_cam_from_model": [-31.677025422232273, -17.368816807616497, 865.056765056294]}}
{"query_id": 1, "image_id": 1, "query": "the 007 tuna fish can", "provider": "ollama", "image_width": 640, "image_height": 480, "intrinsics": [1066.778, 1067.487, 312.9869, 241.3109], "status": "ok", "parse_warning": null, "raw_response": "{\"detections\": [{\"object_name\": \"007_tuna_fish_can\", \"bbox_2d_norm_1000\": [575, 451, 747, 612], \"bbox_3d_corners_norm_1000\": [[575, 451], [575, 612], [747, 612], [747, 451], [575, 451], [575, 612], [747, 612], [747, 451]], \"confidence\": 0.9}]}", "parsed_detection_count": 1, "detections": [{"status": "ok", "object_name": "007_tuna_fish_can", "obj_id": 6, "confidence": 0.9, "bbox_2d_norm_1000": [575.0, 451.0, 747.0, 612.0], "bbox_3d_corners_cam_xyz_mm": null, "bbox_3d_corners_norm_1000": [[575.0, 451.0], [575.0, 612.0], [747.0, 612.0], [747.0, 451.0], [575.0, 451.0], [575.0, 612.0], [747.0, 612.0], [747.0, 451.0]], "corners_projection_source": "provided_norm_1000", "bbox_2d_xyxy": [288.64, 276.0, 391.68, 358.56], "pose_status": "ok", "reprojection_error": 6.1375383430957715, "permutation": [0, 1, 2, 3, 4, 5, 6, 7], "pose_warning": null}], "expected_obj_id": 6, "expected_instance_id": 0, "gt": {"bbox_xyxy": [282.0, 280.0, 394.0, 353.0], "R_cam_from_model": [-0.888800154374123, 0.45524946687574985, -0.05275501966907288, 0.15161264602174085, 0.18344755196788856, -0.9712669209190921, -0.4324911950904046, -0.8712604167821704, -0.2320697374100931], "t_cam_from_model": [19.826959191155, 56.52491050704691, 810.7227026810766]}}
{"query_id": 2, "image_id": 1, "query": "the 025 mug", "provider": "ollama", "image_width": 640, "image_height": 480, "intrinsics": [1066.778, 1067.487, 312.9869, 241.3109], "status": "ok", "parse_warning": null, "raw_response": "{\"detections\": [{\"object_name\": \"025_mug\", \"bbox_2d_norm_1000\": [193, 280, 335, 529], \"bbox_3d_corners_norm_1000\": [[193, 280], [193, 529], [335, 529], [335, 280], [193, 280], [193, 529], [335, 529], [335, 280]], \"confidence\": 0.95}]}", "parsed_detection_count": 1, "detections": [{"status": "ok", "object_name": "025_mug", "obj_id": 14, "confidence": 0.95, "bbox_2d_norm_1000": [193.0, 280.0, 335.0, 529.0], "bbox_3d_corners_cam_xyz_mm": null, "bbox_3d_corners_norm_1000": [[193.0, 280.0], [193.0, 529.0], [335.0, 529.0], [335.0, 280.0], [193.0, 280.0], [193.0, 529.0], [335.0, 529.0], [335.0, 280.0]], "corners_projection_source": "provided_norm_1000", "bbox_2d_xyxy": [179.20000000000002, 92.64, 338.56, 160.8], "pose_status": "failed", "reprojection_error": null, "permutation": null, "pose_warning": "solvePnP failed for all corner permutations."}], "expected_obj_id": 14, "expected_instance_id": 0, "gt": {"bbox_xyxy": [209.0, 45.0, 346.0, 158.0], "R_cam_from_model": [0.800270328363595, -0.5984833728683278, -0.03721742358490441, -0.16673638817023093, -0.16247691893389601, -0.97252257766676, 0.5759917033378716, 0.7844862673094515, -0.22981459219802255], "t_cam_from_model": [-23.310093543898354, -112.62940453072957, 848.1679482820954]}}
{"query_id": 3, "image_id": 1, "query": "the 051 large clamp", "provider": "ollama", "image_width": 640, "image_height": 480, "intrinsics": [1066.778, 1067.487, 312.9869, 241.3109], "status": "ok", "parse_warning": null, "raw_response": "{\"detections\": [{\"object_name\": \"051_large_clamp\", \"bbox_2d_norm_1000\": [667, 151, 939, 663], \"bbox_3d_corners_norm_1000\": [[667, 151], [667, 663], [795, 663], [795, 151], [667, 151], [667, 663], [795, 663], [795, 151]], \"confidence\": 0.95}]}", "parsed_detection_count": 1, "detections": [{"status": "ok", "object_name": "051_large_clamp", "obj_id": 19, "confidence": 0.95, "bbox_2d_norm_1000": [667.0, 151.0, 939.0, 663.0], "bbox_3d_corners_cam_xyz_mm": null, "bbox_3d_corners_norm_1000": [[667.0, 151.0], [667.0, 663.0], [795.0, 663.0], [795.0, 151.0], [667.0, 151.0], [667.0, 663.0], [795.0, 663.0], [795.0, 151.0]], "corners_projection_source": "provided_norm_1000", "bbox_2d_xyxy": [96.64, 320.16, 424.32000000000005, 450.71999999999997], "pose_status": "failed", "reprojection_error": null, "permutation": null, "pose_warning": "solvePnP failed for all corner permutations."}], "expected_obj_id": 19, "expected_instance_id": 0, "gt": {"bbox_xyxy": [329.0, 116.0, 419.0, 329.0], "R_cam_from_model": [-0.09489741249029623, 0.3561386300696222, -0.9296019480411393, -0.34937416104044705, 0.8625018988232865, 0.36609704814610067, 0.932165006412512, 0.3595205652274382, 0.04257586846391211], "t_cam_from_model": [52.33599371521044, -13.031296641365195, 861.5899289137005]}}
{"query_id": 4, "image_id": 1, "query": "the 052 extra large clamp", "provider": "ollama", "image_width": 640, "image_height": 480, "intrinsics": [1066.778, 1067.487, 312.9869, 241.3109], "status": "ok", "parse_warning": null, "raw_response": "{\"detections\": [{\"object_name\": \"052_extra_large_clamp\", \"bbox_2d_norm_1000\": [677, 150, 953, 663], \"bbox_3d_corners_norm_1000\": [[677, 150], [677, 663], [953, 663], [953, 150], [677, 150], [677, 663], [953, 663], [953, 150]], \"confidence\": 0.95}]}", "parsed_detection_count": 1, "detections": [{"status": "ok", "object_name": "052_extra_large_clamp", "obj_id": 20, "confidence": 0.95, "bbox_2d_norm_1000": [677.0, 150.0, 953.0, 663.0], "bbox_3d_corners_cam_xyz_mm": null, "bbox_3d_corners_norm_1000": [[677.0, 150.0], [677.0, 663.0], [953.0, 663.0], [953.0, 150.0], [677.0, 150.0], [677.0, 663.0], [953.0, 663.0], [953.0, 150.0]], "corners_projection_source": "provided_norm_1000", "bbox_2d_xyxy": [96.0, 324.96000000000004, 424.32000000000005, 457.44], "pose_status": "failed", "reprojection_error": null, "permutation": null, "pose_warning": "solvePnP failed for all corner permutations."}], "expected_obj_id": 20, "expected_instance_id": 0, "gt": {"bbox_xyxy": [92.0, 332.0, 441.0, 459.0], "R_cam_from_model": [-0.9984789779904625, -0.046702003100451896, 0.029310392655164948, 0.04118009201782687, -0.27814158992816, 0.9596564448294642, -0.036666017780062427, 0.9594042011059428, 0.27964165456635065], "t_cam_from_model": [-24.98442834314123, 91.09670661036117, 685.170819763342]}}
